signal = 0
scenario = /Users/camillebouvy/Project2-2/Explorer/src/main/testmap.txt
guard = 0 1 3.292692254398455 2.3227856433539795 5.1922724439073065 0.0
guard = 1 1 3.288300206718409 5.695050726558694 5.190504933217283 0.0
guard = 2 1 3.950686248072813 9.728147383095196 0.8000460699814657 0.0
